{
 "cells": [
  {
   "cell_type": "code",
   "execution_count": 14,
   "metadata": {
    "collapsed": false
   },
   "outputs": [],
   "source": [
    "import pandas as pd\n",
    "from sklearn import metrics\n",
    "import matplotlib.pyplot as plt\n",
    "%matplotlib inline\n",
    "import numpy as np\n",
    "import sklearn\n",
    "import seaborn as sns\n",
    "import patsy\n",
    "from sklearn.preprocessing import StandardScaler\n",
    "from sklearn.cross_validation import train_test_split, cross_val_score\n",
    "from sklearn.linear_model import LogisticRegression, LogisticRegressionCV\n",
    "from sklearn.grid_search import GridSearchCV\n",
    "from sklearn import preprocessing\n",
    "from sklearn.linear_model import LogisticRegression\n",
    "from sklearn.cross_validation import cross_val_score, StratifiedKFold\n",
    "from sklearn.tree import DecisionTreeClassifier\n",
    "from sklearn.ensemble import RandomForestClassifier, ExtraTreesClassifier, BaggingClassifier\n",
    "from sklearn.metrics import accuracy_score, confusion_matrix, classification_report\n",
    "from sklearn.cross_validation import cross_val_score\n",
    "from sklearn.cross_validation import train_test_split\n",
    "\n",
    "from sklearn.metrics import roc_auc_score\n",
    "from sklearn.metrics import roc_curve\n",
    "from sklearn.metrics import auc\n",
    "from sklearn.cross_validation import cross_val_predict\n",
    "import statsmodels.api as sm"
   ]
  },
  {
   "cell_type": "markdown",
   "metadata": {},
   "source": [
    "## PART 3a. MODEL SELECTION FOR FEMALES"
   ]
  },
  {
   "cell_type": "code",
   "execution_count": 27,
   "metadata": {
    "collapsed": false
   },
   "outputs": [],
   "source": [
    "df=pd.read_csv('/Users/Marina/Documents/GA Data Science/projects/projects-capstone/clean_data.csv')"
   ]
  },
  {
   "cell_type": "code",
   "execution_count": 28,
   "metadata": {
    "collapsed": false
   },
   "outputs": [],
   "source": [
    "df_female=df.loc[df['gender'] == \"Female\"]"
   ]
  },
  {
   "cell_type": "code",
   "execution_count": 38,
   "metadata": {
    "collapsed": false
   },
   "outputs": [
    {
     "data": {
      "text/plain": [
       "2999"
      ]
     },
     "execution_count": 38,
     "metadata": {},
     "output_type": "execute_result"
    }
   ],
   "source": [
    "# col_female=['attr_o', 'like_o','prob_o','pf_o_att','shar_o','pf_o_int','shar2_1','fun_o','pf_o_fun',\\\n",
    "#            'clubbing','gaming','concerts','age_o','intel1_1','pf_o_sha','music','round']\n",
    "\n",
    "col_female=['pf_o_att','attr_o', 'shar_o','like_o','pf_o_sha','prob_o','pf_o_fun','pf_o_sin','pf_o_int','fun_o','shar2_1',\\\n",
    "           'age_o','age','round','pf_o_amb','amb_o','intel2_1','intel1_1']\n",
    "\n",
    "data_female=df_female[col_female]\n",
    "\n",
    "\n",
    "len(data_female)"
   ]
  },
  {
   "cell_type": "code",
   "execution_count": 47,
   "metadata": {
    "collapsed": false
   },
   "outputs": [
    {
     "data": {
      "text/html": [
       "<div>\n",
       "<table border=\"1\" class=\"dataframe\">\n",
       "  <thead>\n",
       "    <tr style=\"text-align: right;\">\n",
       "      <th></th>\n",
       "      <th>pf_o_att</th>\n",
       "      <th>attr_o</th>\n",
       "      <th>shar_o</th>\n",
       "      <th>like_o</th>\n",
       "      <th>pf_o_sha</th>\n",
       "      <th>prob_o</th>\n",
       "      <th>pf_o_fun</th>\n",
       "      <th>pf_o_sin</th>\n",
       "      <th>pf_o_int</th>\n",
       "      <th>fun_o</th>\n",
       "      <th>shar2_1</th>\n",
       "      <th>age_o</th>\n",
       "      <th>age</th>\n",
       "      <th>round</th>\n",
       "      <th>pf_o_amb</th>\n",
       "      <th>amb_o</th>\n",
       "      <th>intel2_1</th>\n",
       "      <th>intel1_1</th>\n",
       "    </tr>\n",
       "  </thead>\n",
       "  <tbody>\n",
       "    <tr>\n",
       "      <th>pf_o_att</th>\n",
       "      <td>1.000000</td>\n",
       "      <td>-0.003306</td>\n",
       "      <td>0.035521</td>\n",
       "      <td>0.024674</td>\n",
       "      <td>-0.427762</td>\n",
       "      <td>0.059718</td>\n",
       "      <td>-0.191742</td>\n",
       "      <td>-0.439901</td>\n",
       "      <td>-0.470207</td>\n",
       "      <td>0.034913</td>\n",
       "      <td>-0.080506</td>\n",
       "      <td>0.060235</td>\n",
       "      <td>-0.042409</td>\n",
       "      <td>-0.034399</td>\n",
       "      <td>-0.442659</td>\n",
       "      <td>0.060842</td>\n",
       "      <td>-0.070322</td>\n",
       "      <td>0.046458</td>\n",
       "    </tr>\n",
       "    <tr>\n",
       "      <th>attr_o</th>\n",
       "      <td>-0.003306</td>\n",
       "      <td>1.000000</td>\n",
       "      <td>0.457299</td>\n",
       "      <td>0.678040</td>\n",
       "      <td>0.012344</td>\n",
       "      <td>0.290878</td>\n",
       "      <td>-0.030879</td>\n",
       "      <td>-0.004971</td>\n",
       "      <td>-0.010591</td>\n",
       "      <td>0.569006</td>\n",
       "      <td>-0.085541</td>\n",
       "      <td>0.005560</td>\n",
       "      <td>-0.045836</td>\n",
       "      <td>-0.085242</td>\n",
       "      <td>0.036375</td>\n",
       "      <td>0.414543</td>\n",
       "      <td>0.045060</td>\n",
       "      <td>0.025016</td>\n",
       "    </tr>\n",
       "    <tr>\n",
       "      <th>shar_o</th>\n",
       "      <td>0.035521</td>\n",
       "      <td>0.457299</td>\n",
       "      <td>1.000000</td>\n",
       "      <td>0.638403</td>\n",
       "      <td>-0.000764</td>\n",
       "      <td>0.495097</td>\n",
       "      <td>-0.058258</td>\n",
       "      <td>-0.026876</td>\n",
       "      <td>-0.030518</td>\n",
       "      <td>0.585731</td>\n",
       "      <td>-0.022055</td>\n",
       "      <td>-0.017858</td>\n",
       "      <td>0.007649</td>\n",
       "      <td>-0.075779</td>\n",
       "      <td>0.054776</td>\n",
       "      <td>0.466727</td>\n",
       "      <td>0.019959</td>\n",
       "      <td>0.017911</td>\n",
       "    </tr>\n",
       "    <tr>\n",
       "      <th>like_o</th>\n",
       "      <td>0.024674</td>\n",
       "      <td>0.678040</td>\n",
       "      <td>0.638403</td>\n",
       "      <td>1.000000</td>\n",
       "      <td>0.032670</td>\n",
       "      <td>0.515110</td>\n",
       "      <td>-0.058656</td>\n",
       "      <td>-0.008205</td>\n",
       "      <td>-0.016530</td>\n",
       "      <td>0.664430</td>\n",
       "      <td>-0.058575</td>\n",
       "      <td>-0.029903</td>\n",
       "      <td>-0.037633</td>\n",
       "      <td>-0.092394</td>\n",
       "      <td>0.011954</td>\n",
       "      <td>0.460837</td>\n",
       "      <td>0.017007</td>\n",
       "      <td>0.029265</td>\n",
       "    </tr>\n",
       "    <tr>\n",
       "      <th>pf_o_sha</th>\n",
       "      <td>-0.427762</td>\n",
       "      <td>0.012344</td>\n",
       "      <td>-0.000764</td>\n",
       "      <td>0.032670</td>\n",
       "      <td>1.000000</td>\n",
       "      <td>0.022518</td>\n",
       "      <td>-0.228695</td>\n",
       "      <td>-0.038451</td>\n",
       "      <td>-0.018608</td>\n",
       "      <td>-0.042218</td>\n",
       "      <td>0.063704</td>\n",
       "      <td>-0.081341</td>\n",
       "      <td>0.027231</td>\n",
       "      <td>0.009282</td>\n",
       "      <td>0.207697</td>\n",
       "      <td>-0.044530</td>\n",
       "      <td>0.048796</td>\n",
       "      <td>-0.045233</td>\n",
       "    </tr>\n",
       "    <tr>\n",
       "      <th>prob_o</th>\n",
       "      <td>0.059718</td>\n",
       "      <td>0.290878</td>\n",
       "      <td>0.495097</td>\n",
       "      <td>0.515110</td>\n",
       "      <td>0.022518</td>\n",
       "      <td>1.000000</td>\n",
       "      <td>0.002142</td>\n",
       "      <td>-0.099773</td>\n",
       "      <td>-0.035250</td>\n",
       "      <td>0.387473</td>\n",
       "      <td>0.030278</td>\n",
       "      <td>0.018859</td>\n",
       "      <td>-0.043227</td>\n",
       "      <td>-0.073517</td>\n",
       "      <td>0.022280</td>\n",
       "      <td>0.290669</td>\n",
       "      <td>0.012060</td>\n",
       "      <td>-0.013907</td>\n",
       "    </tr>\n",
       "    <tr>\n",
       "      <th>pf_o_fun</th>\n",
       "      <td>-0.191742</td>\n",
       "      <td>-0.030879</td>\n",
       "      <td>-0.058258</td>\n",
       "      <td>-0.058656</td>\n",
       "      <td>-0.228695</td>\n",
       "      <td>0.002142</td>\n",
       "      <td>1.000000</td>\n",
       "      <td>-0.207908</td>\n",
       "      <td>-0.107199</td>\n",
       "      <td>-0.040602</td>\n",
       "      <td>0.003176</td>\n",
       "      <td>-0.013377</td>\n",
       "      <td>-0.001428</td>\n",
       "      <td>0.045038</td>\n",
       "      <td>-0.064861</td>\n",
       "      <td>-0.046691</td>\n",
       "      <td>-0.001154</td>\n",
       "      <td>-0.025799</td>\n",
       "    </tr>\n",
       "    <tr>\n",
       "      <th>pf_o_sin</th>\n",
       "      <td>-0.439901</td>\n",
       "      <td>-0.004971</td>\n",
       "      <td>-0.026876</td>\n",
       "      <td>-0.008205</td>\n",
       "      <td>-0.038451</td>\n",
       "      <td>-0.099773</td>\n",
       "      <td>-0.207908</td>\n",
       "      <td>1.000000</td>\n",
       "      <td>0.043547</td>\n",
       "      <td>-0.007187</td>\n",
       "      <td>-0.002902</td>\n",
       "      <td>-0.013557</td>\n",
       "      <td>-0.010567</td>\n",
       "      <td>0.022903</td>\n",
       "      <td>-0.004338</td>\n",
       "      <td>-0.021144</td>\n",
       "      <td>0.003364</td>\n",
       "      <td>0.028596</td>\n",
       "    </tr>\n",
       "    <tr>\n",
       "      <th>pf_o_int</th>\n",
       "      <td>-0.470207</td>\n",
       "      <td>-0.010591</td>\n",
       "      <td>-0.030518</td>\n",
       "      <td>-0.016530</td>\n",
       "      <td>-0.018608</td>\n",
       "      <td>-0.035250</td>\n",
       "      <td>-0.107199</td>\n",
       "      <td>0.043547</td>\n",
       "      <td>1.000000</td>\n",
       "      <td>-0.032939</td>\n",
       "      <td>-0.011917</td>\n",
       "      <td>0.047370</td>\n",
       "      <td>0.005393</td>\n",
       "      <td>0.032187</td>\n",
       "      <td>-0.005425</td>\n",
       "      <td>-0.064389</td>\n",
       "      <td>-0.000758</td>\n",
       "      <td>0.040711</td>\n",
       "    </tr>\n",
       "    <tr>\n",
       "      <th>fun_o</th>\n",
       "      <td>0.034913</td>\n",
       "      <td>0.569006</td>\n",
       "      <td>0.585731</td>\n",
       "      <td>0.664430</td>\n",
       "      <td>-0.042218</td>\n",
       "      <td>0.387473</td>\n",
       "      <td>-0.040602</td>\n",
       "      <td>-0.007187</td>\n",
       "      <td>-0.032939</td>\n",
       "      <td>1.000000</td>\n",
       "      <td>-0.071001</td>\n",
       "      <td>-0.031859</td>\n",
       "      <td>-0.055574</td>\n",
       "      <td>-0.088763</td>\n",
       "      <td>0.058314</td>\n",
       "      <td>0.533883</td>\n",
       "      <td>0.000409</td>\n",
       "      <td>0.004864</td>\n",
       "    </tr>\n",
       "    <tr>\n",
       "      <th>shar2_1</th>\n",
       "      <td>-0.080506</td>\n",
       "      <td>-0.085541</td>\n",
       "      <td>-0.022055</td>\n",
       "      <td>-0.058575</td>\n",
       "      <td>0.063704</td>\n",
       "      <td>0.030278</td>\n",
       "      <td>0.003176</td>\n",
       "      <td>-0.002902</td>\n",
       "      <td>-0.011917</td>\n",
       "      <td>-0.071001</td>\n",
       "      <td>1.000000</td>\n",
       "      <td>0.046173</td>\n",
       "      <td>0.006048</td>\n",
       "      <td>0.021526</td>\n",
       "      <td>0.107030</td>\n",
       "      <td>0.009815</td>\n",
       "      <td>0.226848</td>\n",
       "      <td>-0.224435</td>\n",
       "    </tr>\n",
       "    <tr>\n",
       "      <th>age_o</th>\n",
       "      <td>0.060235</td>\n",
       "      <td>0.005560</td>\n",
       "      <td>-0.017858</td>\n",
       "      <td>-0.029903</td>\n",
       "      <td>-0.081341</td>\n",
       "      <td>0.018859</td>\n",
       "      <td>-0.013377</td>\n",
       "      <td>-0.013557</td>\n",
       "      <td>0.047370</td>\n",
       "      <td>-0.031859</td>\n",
       "      <td>0.046173</td>\n",
       "      <td>1.000000</td>\n",
       "      <td>0.116515</td>\n",
       "      <td>0.058537</td>\n",
       "      <td>-0.054201</td>\n",
       "      <td>-0.039722</td>\n",
       "      <td>0.011181</td>\n",
       "      <td>-0.043634</td>\n",
       "    </tr>\n",
       "    <tr>\n",
       "      <th>age</th>\n",
       "      <td>-0.042409</td>\n",
       "      <td>-0.045836</td>\n",
       "      <td>0.007649</td>\n",
       "      <td>-0.037633</td>\n",
       "      <td>0.027231</td>\n",
       "      <td>-0.043227</td>\n",
       "      <td>-0.001428</td>\n",
       "      <td>-0.010567</td>\n",
       "      <td>0.005393</td>\n",
       "      <td>-0.055574</td>\n",
       "      <td>0.006048</td>\n",
       "      <td>0.116515</td>\n",
       "      <td>1.000000</td>\n",
       "      <td>0.010264</td>\n",
       "      <td>0.052044</td>\n",
       "      <td>0.001891</td>\n",
       "      <td>-0.072378</td>\n",
       "      <td>0.100127</td>\n",
       "    </tr>\n",
       "    <tr>\n",
       "      <th>round</th>\n",
       "      <td>-0.034399</td>\n",
       "      <td>-0.085242</td>\n",
       "      <td>-0.075779</td>\n",
       "      <td>-0.092394</td>\n",
       "      <td>0.009282</td>\n",
       "      <td>-0.073517</td>\n",
       "      <td>0.045038</td>\n",
       "      <td>0.022903</td>\n",
       "      <td>0.032187</td>\n",
       "      <td>-0.088763</td>\n",
       "      <td>0.021526</td>\n",
       "      <td>0.058537</td>\n",
       "      <td>0.010264</td>\n",
       "      <td>1.000000</td>\n",
       "      <td>-0.089608</td>\n",
       "      <td>-0.065370</td>\n",
       "      <td>0.004693</td>\n",
       "      <td>-0.031020</td>\n",
       "    </tr>\n",
       "    <tr>\n",
       "      <th>pf_o_amb</th>\n",
       "      <td>-0.442659</td>\n",
       "      <td>0.036375</td>\n",
       "      <td>0.054776</td>\n",
       "      <td>0.011954</td>\n",
       "      <td>0.207697</td>\n",
       "      <td>0.022280</td>\n",
       "      <td>-0.064861</td>\n",
       "      <td>-0.004338</td>\n",
       "      <td>-0.005425</td>\n",
       "      <td>0.058314</td>\n",
       "      <td>0.107030</td>\n",
       "      <td>-0.054201</td>\n",
       "      <td>0.052044</td>\n",
       "      <td>-0.089608</td>\n",
       "      <td>1.000000</td>\n",
       "      <td>0.070339</td>\n",
       "      <td>0.097172</td>\n",
       "      <td>-0.084022</td>\n",
       "    </tr>\n",
       "    <tr>\n",
       "      <th>amb_o</th>\n",
       "      <td>0.060842</td>\n",
       "      <td>0.414543</td>\n",
       "      <td>0.466727</td>\n",
       "      <td>0.460837</td>\n",
       "      <td>-0.044530</td>\n",
       "      <td>0.290669</td>\n",
       "      <td>-0.046691</td>\n",
       "      <td>-0.021144</td>\n",
       "      <td>-0.064389</td>\n",
       "      <td>0.533883</td>\n",
       "      <td>0.009815</td>\n",
       "      <td>-0.039722</td>\n",
       "      <td>0.001891</td>\n",
       "      <td>-0.065370</td>\n",
       "      <td>0.070339</td>\n",
       "      <td>1.000000</td>\n",
       "      <td>-0.027921</td>\n",
       "      <td>0.005425</td>\n",
       "    </tr>\n",
       "    <tr>\n",
       "      <th>intel2_1</th>\n",
       "      <td>-0.070322</td>\n",
       "      <td>0.045060</td>\n",
       "      <td>0.019959</td>\n",
       "      <td>0.017007</td>\n",
       "      <td>0.048796</td>\n",
       "      <td>0.012060</td>\n",
       "      <td>-0.001154</td>\n",
       "      <td>0.003364</td>\n",
       "      <td>-0.000758</td>\n",
       "      <td>0.000409</td>\n",
       "      <td>0.226848</td>\n",
       "      <td>0.011181</td>\n",
       "      <td>-0.072378</td>\n",
       "      <td>0.004693</td>\n",
       "      <td>0.097172</td>\n",
       "      <td>-0.027921</td>\n",
       "      <td>1.000000</td>\n",
       "      <td>0.035442</td>\n",
       "    </tr>\n",
       "    <tr>\n",
       "      <th>intel1_1</th>\n",
       "      <td>0.046458</td>\n",
       "      <td>0.025016</td>\n",
       "      <td>0.017911</td>\n",
       "      <td>0.029265</td>\n",
       "      <td>-0.045233</td>\n",
       "      <td>-0.013907</td>\n",
       "      <td>-0.025799</td>\n",
       "      <td>0.028596</td>\n",
       "      <td>0.040711</td>\n",
       "      <td>0.004864</td>\n",
       "      <td>-0.224435</td>\n",
       "      <td>-0.043634</td>\n",
       "      <td>0.100127</td>\n",
       "      <td>-0.031020</td>\n",
       "      <td>-0.084022</td>\n",
       "      <td>0.005425</td>\n",
       "      <td>0.035442</td>\n",
       "      <td>1.000000</td>\n",
       "    </tr>\n",
       "  </tbody>\n",
       "</table>\n",
       "</div>"
      ],
      "text/plain": [
       "          pf_o_att    attr_o    shar_o    like_o  pf_o_sha    prob_o  \\\n",
       "pf_o_att  1.000000 -0.003306  0.035521  0.024674 -0.427762  0.059718   \n",
       "attr_o   -0.003306  1.000000  0.457299  0.678040  0.012344  0.290878   \n",
       "shar_o    0.035521  0.457299  1.000000  0.638403 -0.000764  0.495097   \n",
       "like_o    0.024674  0.678040  0.638403  1.000000  0.032670  0.515110   \n",
       "pf_o_sha -0.427762  0.012344 -0.000764  0.032670  1.000000  0.022518   \n",
       "prob_o    0.059718  0.290878  0.495097  0.515110  0.022518  1.000000   \n",
       "pf_o_fun -0.191742 -0.030879 -0.058258 -0.058656 -0.228695  0.002142   \n",
       "pf_o_sin -0.439901 -0.004971 -0.026876 -0.008205 -0.038451 -0.099773   \n",
       "pf_o_int -0.470207 -0.010591 -0.030518 -0.016530 -0.018608 -0.035250   \n",
       "fun_o     0.034913  0.569006  0.585731  0.664430 -0.042218  0.387473   \n",
       "shar2_1  -0.080506 -0.085541 -0.022055 -0.058575  0.063704  0.030278   \n",
       "age_o     0.060235  0.005560 -0.017858 -0.029903 -0.081341  0.018859   \n",
       "age      -0.042409 -0.045836  0.007649 -0.037633  0.027231 -0.043227   \n",
       "round    -0.034399 -0.085242 -0.075779 -0.092394  0.009282 -0.073517   \n",
       "pf_o_amb -0.442659  0.036375  0.054776  0.011954  0.207697  0.022280   \n",
       "amb_o     0.060842  0.414543  0.466727  0.460837 -0.044530  0.290669   \n",
       "intel2_1 -0.070322  0.045060  0.019959  0.017007  0.048796  0.012060   \n",
       "intel1_1  0.046458  0.025016  0.017911  0.029265 -0.045233 -0.013907   \n",
       "\n",
       "          pf_o_fun  pf_o_sin  pf_o_int     fun_o   shar2_1     age_o  \\\n",
       "pf_o_att -0.191742 -0.439901 -0.470207  0.034913 -0.080506  0.060235   \n",
       "attr_o   -0.030879 -0.004971 -0.010591  0.569006 -0.085541  0.005560   \n",
       "shar_o   -0.058258 -0.026876 -0.030518  0.585731 -0.022055 -0.017858   \n",
       "like_o   -0.058656 -0.008205 -0.016530  0.664430 -0.058575 -0.029903   \n",
       "pf_o_sha -0.228695 -0.038451 -0.018608 -0.042218  0.063704 -0.081341   \n",
       "prob_o    0.002142 -0.099773 -0.035250  0.387473  0.030278  0.018859   \n",
       "pf_o_fun  1.000000 -0.207908 -0.107199 -0.040602  0.003176 -0.013377   \n",
       "pf_o_sin -0.207908  1.000000  0.043547 -0.007187 -0.002902 -0.013557   \n",
       "pf_o_int -0.107199  0.043547  1.000000 -0.032939 -0.011917  0.047370   \n",
       "fun_o    -0.040602 -0.007187 -0.032939  1.000000 -0.071001 -0.031859   \n",
       "shar2_1   0.003176 -0.002902 -0.011917 -0.071001  1.000000  0.046173   \n",
       "age_o    -0.013377 -0.013557  0.047370 -0.031859  0.046173  1.000000   \n",
       "age      -0.001428 -0.010567  0.005393 -0.055574  0.006048  0.116515   \n",
       "round     0.045038  0.022903  0.032187 -0.088763  0.021526  0.058537   \n",
       "pf_o_amb -0.064861 -0.004338 -0.005425  0.058314  0.107030 -0.054201   \n",
       "amb_o    -0.046691 -0.021144 -0.064389  0.533883  0.009815 -0.039722   \n",
       "intel2_1 -0.001154  0.003364 -0.000758  0.000409  0.226848  0.011181   \n",
       "intel1_1 -0.025799  0.028596  0.040711  0.004864 -0.224435 -0.043634   \n",
       "\n",
       "               age     round  pf_o_amb     amb_o  intel2_1  intel1_1  \n",
       "pf_o_att -0.042409 -0.034399 -0.442659  0.060842 -0.070322  0.046458  \n",
       "attr_o   -0.045836 -0.085242  0.036375  0.414543  0.045060  0.025016  \n",
       "shar_o    0.007649 -0.075779  0.054776  0.466727  0.019959  0.017911  \n",
       "like_o   -0.037633 -0.092394  0.011954  0.460837  0.017007  0.029265  \n",
       "pf_o_sha  0.027231  0.009282  0.207697 -0.044530  0.048796 -0.045233  \n",
       "prob_o   -0.043227 -0.073517  0.022280  0.290669  0.012060 -0.013907  \n",
       "pf_o_fun -0.001428  0.045038 -0.064861 -0.046691 -0.001154 -0.025799  \n",
       "pf_o_sin -0.010567  0.022903 -0.004338 -0.021144  0.003364  0.028596  \n",
       "pf_o_int  0.005393  0.032187 -0.005425 -0.064389 -0.000758  0.040711  \n",
       "fun_o    -0.055574 -0.088763  0.058314  0.533883  0.000409  0.004864  \n",
       "shar2_1   0.006048  0.021526  0.107030  0.009815  0.226848 -0.224435  \n",
       "age_o     0.116515  0.058537 -0.054201 -0.039722  0.011181 -0.043634  \n",
       "age       1.000000  0.010264  0.052044  0.001891 -0.072378  0.100127  \n",
       "round     0.010264  1.000000 -0.089608 -0.065370  0.004693 -0.031020  \n",
       "pf_o_amb  0.052044 -0.089608  1.000000  0.070339  0.097172 -0.084022  \n",
       "amb_o     0.001891 -0.065370  0.070339  1.000000 -0.027921  0.005425  \n",
       "intel2_1 -0.072378  0.004693  0.097172 -0.027921  1.000000  0.035442  \n",
       "intel1_1  0.100127 -0.031020 -0.084022  0.005425  0.035442  1.000000  "
      ]
     },
     "execution_count": 47,
     "metadata": {},
     "output_type": "execute_result"
    }
   ],
   "source": [
    "data_female.corr()"
   ]
  },
  {
   "cell_type": "code",
   "execution_count": 39,
   "metadata": {
    "collapsed": false
   },
   "outputs": [
    {
     "name": "stdout",
     "output_type": "stream",
     "text": [
      "<class 'pandas.core.frame.DataFrame'>\n",
      "RangeIndex: 2999 entries, 0 to 2998\n",
      "Data columns (total 18 columns):\n",
      "pf_o_att    2999 non-null float64\n",
      "attr_o      2999 non-null float64\n",
      "shar_o      2999 non-null float64\n",
      "like_o      2999 non-null float64\n",
      "pf_o_sha    2999 non-null float64\n",
      "prob_o      2999 non-null float64\n",
      "pf_o_fun    2999 non-null float64\n",
      "pf_o_sin    2999 non-null float64\n",
      "pf_o_int    2999 non-null float64\n",
      "fun_o       2999 non-null float64\n",
      "shar2_1     2999 non-null float64\n",
      "age_o       2999 non-null float64\n",
      "age         2999 non-null float64\n",
      "round       2999 non-null float64\n",
      "pf_o_amb    2999 non-null float64\n",
      "amb_o       2999 non-null float64\n",
      "intel2_1    2999 non-null float64\n",
      "intel1_1    2999 non-null float64\n",
      "dtypes: float64(18)\n",
      "memory usage: 421.8 KB\n"
     ]
    }
   ],
   "source": [
    "from sklearn.preprocessing import StandardScaler\n",
    "x=data_female\n",
    "\n",
    "X_norm =  StandardScaler().fit_transform(x);\n",
    "\n",
    "df_stand=pd.DataFrame(X_norm, columns=data_female.columns)\n",
    "df_stand.info()"
   ]
  },
  {
   "cell_type": "code",
   "execution_count": 40,
   "metadata": {
    "collapsed": false
   },
   "outputs": [
    {
     "data": {
      "text/plain": [
       "2999"
      ]
     },
     "execution_count": 40,
     "metadata": {},
     "output_type": "execute_result"
    }
   ],
   "source": [
    "# categ_female= ['pid','dec']\n",
    "\n",
    "categ_female= ['dec','field_cd']\n",
    "df_female_cat=df_female[categ_female]\n",
    "\n",
    "len(df_female_cat)\n"
   ]
  },
  {
   "cell_type": "code",
   "execution_count": 41,
   "metadata": {
    "collapsed": false
   },
   "outputs": [
    {
     "data": {
      "text/plain": [
       "2999"
      ]
     },
     "execution_count": 41,
     "metadata": {},
     "output_type": "execute_result"
    }
   ],
   "source": [
    "\n",
    "\n",
    "\n",
    "\n",
    "X = patsy.dmatrix('~ C(dec)+C(field_cd)', df_female_cat)\n",
    "\n",
    "df_cat=pd.DataFrame(X, columns=X.design_info.column_names)\n",
    "len(X)"
   ]
  },
  {
   "cell_type": "code",
   "execution_count": 42,
   "metadata": {
    "collapsed": false
   },
   "outputs": [
    {
     "data": {
      "text/plain": [
       "2999"
      ]
     },
     "execution_count": 42,
     "metadata": {},
     "output_type": "execute_result"
    }
   ],
   "source": [
    "df_female_final = pd.concat([df_cat, df_stand], axis=1)\n",
    "len(df_female_final)"
   ]
  },
  {
   "cell_type": "code",
   "execution_count": 43,
   "metadata": {
    "collapsed": false
   },
   "outputs": [
    {
     "data": {
      "text/plain": [
       "array([0, 0, 1, ..., 0, 0, 0])"
      ]
     },
     "execution_count": 43,
     "metadata": {},
     "output_type": "execute_result"
    }
   ],
   "source": [
    "y_female = df_female.match\n",
    "\n",
    "#y_male = y_male.map(lambda x: 'no' if x ==0 else 'yes')\n",
    "\n",
    "y_female = y_female.values\n",
    "\n",
    "y_female"
   ]
  },
  {
   "cell_type": "code",
   "execution_count": 44,
   "metadata": {
    "collapsed": false
   },
   "outputs": [],
   "source": [
    "# X_female=df_female_final\n",
    "X_female=df_female_final"
   ]
  },
  {
   "cell_type": "code",
   "execution_count": 45,
   "metadata": {
    "collapsed": false
   },
   "outputs": [
    {
     "data": {
      "text/plain": [
       "(2999, 35)"
      ]
     },
     "execution_count": 45,
     "metadata": {},
     "output_type": "execute_result"
    }
   ],
   "source": [
    "\n",
    "X_female.shape"
   ]
  },
  {
   "cell_type": "code",
   "execution_count": 46,
   "metadata": {
    "collapsed": false
   },
   "outputs": [
    {
     "name": "stdout",
     "output_type": "stream",
     "text": [
      "Warning: Maximum number of iterations has been exceeded.\n",
      "         Current function value: 0.167658\n",
      "         Iterations: 35\n"
     ]
    },
    {
     "name": "stderr",
     "output_type": "stream",
     "text": [
      "/Users/Marina/anaconda/lib/python2.7/site-packages/statsmodels/base/model.py:466: ConvergenceWarning: Maximum Likelihood optimization failed to converge. Check mle_retvals\n",
      "  \"Check mle_retvals\", ConvergenceWarning)\n"
     ]
    },
    {
     "data": {
      "text/html": [
       "<table class=\"simpletable\">\n",
       "<caption>Logit Regression Results</caption>\n",
       "<tr>\n",
       "  <th>Dep. Variable:</th>         <td>y</td>        <th>  No. Observations:  </th>  <td>  2999</td> \n",
       "</tr>\n",
       "<tr>\n",
       "  <th>Model:</th>               <td>Logit</td>      <th>  Df Residuals:      </th>  <td>  2964</td> \n",
       "</tr>\n",
       "<tr>\n",
       "  <th>Method:</th>               <td>MLE</td>       <th>  Df Model:          </th>  <td>    34</td> \n",
       "</tr>\n",
       "<tr>\n",
       "  <th>Date:</th>          <td>Wed, 17 May 2017</td> <th>  Pseudo R-squ.:     </th>  <td>0.6365</td> \n",
       "</tr>\n",
       "<tr>\n",
       "  <th>Time:</th>              <td>13:47:51</td>     <th>  Log-Likelihood:    </th> <td> -502.81</td>\n",
       "</tr>\n",
       "<tr>\n",
       "  <th>converged:</th>           <td>False</td>      <th>  LL-Null:           </th> <td> -1383.2</td>\n",
       "</tr>\n",
       "<tr>\n",
       "  <th> </th>                      <td> </td>        <th>  LLR p-value:       </th>  <td> 0.000</td> \n",
       "</tr>\n",
       "</table>\n",
       "<table class=\"simpletable\">\n",
       "<tr>\n",
       "                       <td></td>                         <th>coef</th>     <th>std err</th>      <th>z</th>      <th>P>|z|</th> <th>[95.0% Conf. Int.]</th> \n",
       "</tr>\n",
       "<tr>\n",
       "  <th>Intercept</th>                                  <td>  -35.9809</td> <td> 7.97e+05</td> <td>-4.52e-05</td> <td> 1.000</td> <td>-1.56e+06  1.56e+06</td>\n",
       "</tr>\n",
       "<tr>\n",
       "  <th>C(dec)[T.1]</th>                                <td>   35.8571</td> <td> 7.97e+05</td> <td>  4.5e-05</td> <td> 1.000</td> <td>-1.56e+06  1.56e+06</td>\n",
       "</tr>\n",
       "<tr>\n",
       "  <th>C(field_cd)[T.Business/Econ/Finance]</th>       <td>    0.3525</td> <td>    0.357</td> <td>    0.988</td> <td> 0.323</td> <td>   -0.347     1.052</td>\n",
       "</tr>\n",
       "<tr>\n",
       "  <th>C(field_cd)[T.Education]</th>                   <td>   -0.4378</td> <td>    0.316</td> <td>   -1.385</td> <td> 0.166</td> <td>   -1.057     0.182</td>\n",
       "</tr>\n",
       "<tr>\n",
       "  <th>C(field_cd)[T.Engineering]</th>                 <td>   -0.3043</td> <td>    0.434</td> <td>   -0.701</td> <td> 0.483</td> <td>   -1.155     0.546</td>\n",
       "</tr>\n",
       "<tr>\n",
       "  <th>C(field_cd)[T.English]</th>                     <td>   -0.4310</td> <td>    0.393</td> <td>   -1.095</td> <td> 0.273</td> <td>   -1.202     0.340</td>\n",
       "</tr>\n",
       "<tr>\n",
       "  <th>C(field_cd)[T.Film]</th>                        <td>   -1.5563</td> <td>    0.634</td> <td>   -2.453</td> <td> 0.014</td> <td>   -2.800    -0.313</td>\n",
       "</tr>\n",
       "<tr>\n",
       "  <th>C(field_cd)[T.Fine Arts/Arts Admin]</th>        <td>   -0.6030</td> <td>    0.492</td> <td>   -1.226</td> <td> 0.220</td> <td>   -1.567     0.361</td>\n",
       "</tr>\n",
       "<tr>\n",
       "  <th>C(field_cd)[T.History/Religion/Philosophy]</th> <td>    0.8794</td> <td>    0.526</td> <td>    1.673</td> <td> 0.094</td> <td>   -0.151     1.909</td>\n",
       "</tr>\n",
       "<tr>\n",
       "  <th>C(field_cd)[T.Languages]</th>                   <td>    0.2681</td> <td>    1.543</td> <td>    0.174</td> <td> 0.862</td> <td>   -2.756     3.292</td>\n",
       "</tr>\n",
       "<tr>\n",
       "  <th>C(field_cd)[T.Law]</th>                         <td>   -0.1956</td> <td>    0.409</td> <td>   -0.478</td> <td> 0.632</td> <td>   -0.997     0.606</td>\n",
       "</tr>\n",
       "<tr>\n",
       "  <th>C(field_cd)[T.Math]</th>                        <td>    0.5605</td> <td>    0.758</td> <td>    0.739</td> <td> 0.460</td> <td>   -0.925     2.046</td>\n",
       "</tr>\n",
       "<tr>\n",
       "  <th>C(field_cd)[T.Medical Science]</th>             <td>    0.6919</td> <td>    0.489</td> <td>    1.415</td> <td> 0.157</td> <td>   -0.267     1.650</td>\n",
       "</tr>\n",
       "<tr>\n",
       "  <th>C(field_cd)[T.Other]</th>                       <td>   -0.5714</td> <td> 1.08e+07</td> <td>-5.27e-08</td> <td> 1.000</td> <td>-2.12e+07  2.12e+07</td>\n",
       "</tr>\n",
       "<tr>\n",
       "  <th>C(field_cd)[T.Political Science]</th>           <td>   -0.3051</td> <td>    0.347</td> <td>   -0.879</td> <td> 0.380</td> <td>   -0.986     0.375</td>\n",
       "</tr>\n",
       "<tr>\n",
       "  <th>C(field_cd)[T.Social Science]</th>              <td>   -0.0978</td> <td>    0.337</td> <td>   -0.290</td> <td> 0.772</td> <td>   -0.759     0.563</td>\n",
       "</tr>\n",
       "<tr>\n",
       "  <th>C(field_cd)[T.Social Work]</th>                 <td>   -0.7766</td> <td>    0.364</td> <td>   -2.136</td> <td> 0.033</td> <td>   -1.489    -0.064</td>\n",
       "</tr>\n",
       "<tr>\n",
       "  <th>pf_o_att</th>                                   <td>    0.3061</td> <td>    0.370</td> <td>    0.827</td> <td> 0.408</td> <td>   -0.420     1.032</td>\n",
       "</tr>\n",
       "<tr>\n",
       "  <th>attr_o</th>                                     <td>    0.9836</td> <td>    0.122</td> <td>    8.090</td> <td> 0.000</td> <td>    0.745     1.222</td>\n",
       "</tr>\n",
       "<tr>\n",
       "  <th>shar_o</th>                                     <td>    0.1752</td> <td>    0.111</td> <td>    1.581</td> <td> 0.114</td> <td>   -0.042     0.392</td>\n",
       "</tr>\n",
       "<tr>\n",
       "  <th>like_o</th>                                     <td>    0.8348</td> <td>    0.148</td> <td>    5.635</td> <td> 0.000</td> <td>    0.544     1.125</td>\n",
       "</tr>\n",
       "<tr>\n",
       "  <th>pf_o_sha</th>                                   <td>    0.1881</td> <td>    0.195</td> <td>    0.966</td> <td> 0.334</td> <td>   -0.194     0.570</td>\n",
       "</tr>\n",
       "<tr>\n",
       "  <th>prob_o</th>                                     <td>    0.2757</td> <td>    0.100</td> <td>    2.755</td> <td> 0.006</td> <td>    0.080     0.472</td>\n",
       "</tr>\n",
       "<tr>\n",
       "  <th>pf_o_fun</th>                                   <td>    0.2402</td> <td>    0.202</td> <td>    1.192</td> <td> 0.233</td> <td>   -0.155     0.635</td>\n",
       "</tr>\n",
       "<tr>\n",
       "  <th>pf_o_sin</th>                                   <td>    0.1492</td> <td>    0.220</td> <td>    0.678</td> <td> 0.498</td> <td>   -0.282     0.581</td>\n",
       "</tr>\n",
       "<tr>\n",
       "  <th>pf_o_int</th>                                   <td>    0.3314</td> <td>    0.210</td> <td>    1.578</td> <td> 0.114</td> <td>   -0.080     0.743</td>\n",
       "</tr>\n",
       "<tr>\n",
       "  <th>fun_o</th>                                      <td>    0.2059</td> <td>    0.117</td> <td>    1.762</td> <td> 0.078</td> <td>   -0.023     0.435</td>\n",
       "</tr>\n",
       "<tr>\n",
       "  <th>shar2_1</th>                                    <td>   -0.1539</td> <td>    0.092</td> <td>   -1.665</td> <td> 0.096</td> <td>   -0.335     0.027</td>\n",
       "</tr>\n",
       "<tr>\n",
       "  <th>age_o</th>                                      <td>   -0.1768</td> <td>    0.088</td> <td>   -2.011</td> <td> 0.044</td> <td>   -0.349    -0.004</td>\n",
       "</tr>\n",
       "<tr>\n",
       "  <th>age</th>                                        <td>   -0.0307</td> <td>    0.084</td> <td>   -0.364</td> <td> 0.716</td> <td>   -0.196     0.135</td>\n",
       "</tr>\n",
       "<tr>\n",
       "  <th>round</th>                                      <td>    0.1187</td> <td>    0.083</td> <td>    1.422</td> <td> 0.155</td> <td>   -0.045     0.282</td>\n",
       "</tr>\n",
       "<tr>\n",
       "  <th>pf_o_amb</th>                                   <td>    0.0583</td> <td>    0.166</td> <td>    0.350</td> <td> 0.726</td> <td>   -0.268     0.385</td>\n",
       "</tr>\n",
       "<tr>\n",
       "  <th>amb_o</th>                                      <td>   -0.4447</td> <td>    0.109</td> <td>   -4.063</td> <td> 0.000</td> <td>   -0.659    -0.230</td>\n",
       "</tr>\n",
       "<tr>\n",
       "  <th>intel2_1</th>                                   <td>    0.0460</td> <td>    0.091</td> <td>    0.504</td> <td> 0.614</td> <td>   -0.133     0.225</td>\n",
       "</tr>\n",
       "<tr>\n",
       "  <th>intel1_1</th>                                   <td>    0.0735</td> <td>    0.094</td> <td>    0.782</td> <td> 0.434</td> <td>   -0.111     0.258</td>\n",
       "</tr>\n",
       "</table>"
      ],
      "text/plain": [
       "<class 'statsmodels.iolib.summary.Summary'>\n",
       "\"\"\"\n",
       "                           Logit Regression Results                           \n",
       "==============================================================================\n",
       "Dep. Variable:                      y   No. Observations:                 2999\n",
       "Model:                          Logit   Df Residuals:                     2964\n",
       "Method:                           MLE   Df Model:                           34\n",
       "Date:                Wed, 17 May 2017   Pseudo R-squ.:                  0.6365\n",
       "Time:                        13:47:51   Log-Likelihood:                -502.81\n",
       "converged:                      False   LL-Null:                       -1383.2\n",
       "                                        LLR p-value:                     0.000\n",
       "==============================================================================================================\n",
       "                                                 coef    std err          z      P>|z|      [95.0% Conf. Int.]\n",
       "--------------------------------------------------------------------------------------------------------------\n",
       "Intercept                                    -35.9809   7.97e+05  -4.52e-05      1.000     -1.56e+06  1.56e+06\n",
       "C(dec)[T.1]                                   35.8571   7.97e+05    4.5e-05      1.000     -1.56e+06  1.56e+06\n",
       "C(field_cd)[T.Business/Econ/Finance]           0.3525      0.357      0.988      0.323        -0.347     1.052\n",
       "C(field_cd)[T.Education]                      -0.4378      0.316     -1.385      0.166        -1.057     0.182\n",
       "C(field_cd)[T.Engineering]                    -0.3043      0.434     -0.701      0.483        -1.155     0.546\n",
       "C(field_cd)[T.English]                        -0.4310      0.393     -1.095      0.273        -1.202     0.340\n",
       "C(field_cd)[T.Film]                           -1.5563      0.634     -2.453      0.014        -2.800    -0.313\n",
       "C(field_cd)[T.Fine Arts/Arts Admin]           -0.6030      0.492     -1.226      0.220        -1.567     0.361\n",
       "C(field_cd)[T.History/Religion/Philosophy]     0.8794      0.526      1.673      0.094        -0.151     1.909\n",
       "C(field_cd)[T.Languages]                       0.2681      1.543      0.174      0.862        -2.756     3.292\n",
       "C(field_cd)[T.Law]                            -0.1956      0.409     -0.478      0.632        -0.997     0.606\n",
       "C(field_cd)[T.Math]                            0.5605      0.758      0.739      0.460        -0.925     2.046\n",
       "C(field_cd)[T.Medical Science]                 0.6919      0.489      1.415      0.157        -0.267     1.650\n",
       "C(field_cd)[T.Other]                          -0.5714   1.08e+07  -5.27e-08      1.000     -2.12e+07  2.12e+07\n",
       "C(field_cd)[T.Political Science]              -0.3051      0.347     -0.879      0.380        -0.986     0.375\n",
       "C(field_cd)[T.Social Science]                 -0.0978      0.337     -0.290      0.772        -0.759     0.563\n",
       "C(field_cd)[T.Social Work]                    -0.7766      0.364     -2.136      0.033        -1.489    -0.064\n",
       "pf_o_att                                       0.3061      0.370      0.827      0.408        -0.420     1.032\n",
       "attr_o                                         0.9836      0.122      8.090      0.000         0.745     1.222\n",
       "shar_o                                         0.1752      0.111      1.581      0.114        -0.042     0.392\n",
       "like_o                                         0.8348      0.148      5.635      0.000         0.544     1.125\n",
       "pf_o_sha                                       0.1881      0.195      0.966      0.334        -0.194     0.570\n",
       "prob_o                                         0.2757      0.100      2.755      0.006         0.080     0.472\n",
       "pf_o_fun                                       0.2402      0.202      1.192      0.233        -0.155     0.635\n",
       "pf_o_sin                                       0.1492      0.220      0.678      0.498        -0.282     0.581\n",
       "pf_o_int                                       0.3314      0.210      1.578      0.114        -0.080     0.743\n",
